function [body_vertices] = baby_body_points()

body_vertices = [-75,120,0;
            75,120,0;
            75,-50,0;
            39,-112,0;
            -39,-112,0;
            -75,-50,0;
            -75,120,0;
            -75,120,60;
            75,120,60;
            75,-50,60;
            39,-112,60;
            -39,-112,60;
            -75,-50,60;
            -75,120,60;
            -75,-50,60;
            -75,-50,0;
            -39,-112,0;
            -39,-112,60;
            39,-112,60;
            39,-112,0;
            75,-50,0;
            75,-50,60;
            75,120,60;
            75,120,0;];

end